357 453086
1195 901587
1429 437895
2017 135877
2159 241322
2416 228546
3109 296763
3852 342552
4645 1375
4735 2855905
4783 902725
4879 366788
5029 178451
5719 431889
6113 160729
6437 159078
6505 288971
6758 236895
7062 3706
7077 9432
7127 225037
7201 268318
7637 133199
7770 958
7832 244096
8069 110070
8256 133297
8258 248913
8260 177661
8262 278302
8266 1017021
8268 151422
8270 277124
8637 237822
8738 48941
8741 165752
8794 166034
9081 84
9445 4563
9579 706856
9638 1213937
9665 217879
10228 2826666
10737 2920889
11007 904916
11161 3016874
11655 208144
12310 463041
12439 234373
12528 363397
12592 390358
12709 8422
12890 76313
13057 543311
13206 7021
13989 280011
13990 2421278
14245 333
14486 337
14654 134477
14697 267618
14938 174152
15201 4638
15408 336119
15564 554625
15951 131345
16130 121542
18448 544373
18449 591445
18450 1166290
18451 617592
18793 162016
18941 2828364
19135 902823
19174 3149475
19516 360229
20047 138661
20058 2850
20118 174117
20371 139307
21395 144712
22104 166612
22121 268617
22205 686204
22321 412905
22375 2793618
22640 271110
22876 425544
22881 265008
22949 269266
23147 3130284
23287 688520
23748 388401
23967 2883240
24453 154926
24521 678458
24982 190116
25026 271125
25053 208410
25304 180424
25750 184407
25971 419953
25991 256857
26022 542954
26217 2677419
26261 2813642
26263 88787
26302 2682341
26303 249083
26519 819172
26620 2927715
26973 2823281
27033 266234
27053 3125315
27222 264897
27238 2523507
27514 3129916
27612 677080
27619 2672816
27633 246940
28250 30149
28310 4436
28350 124549
28509 228876
28806 262029
29157 135
29459 384285
29477 75092
29644 564481
30053 148673
30335 2869107
30550 133581
30798 63
30820 172
31081 362372
31103 789731
31126 2112
31322 1055
31330 181978
31405 3103588
31817 2833105
32549 672819
32584 2826253
32714 2908093
33066 920228
34025 7322
34126 120618
34296 167925
34377 805
34394 194750
34549 237170
34568 267838
34677 211635
34952 16877
34953 39724
34966 165080
35038 627
35177 634287
35681 169539
35990 657
36265 2683259
36389 100
37349 496
37466 160256
37782 2967
37860 135330
38126 72392
38298 264618
38319 700980
38348 418137
38361 2814815
38428 272655
38554 3151830
38663 197560
38759 90513
38898 707398
39094 176056
39273 162731
39322 2680703
39333 2710848
39343 2940830
39511 2813605
39646 3128380
39672 2674744
39676 248534
40543 812319
40549 861
40722 2886785
40914 2837572
40946 2919665
42342 266953
42358 2833082
42406 659700
42457 78947
42541 167608
42598 2758741
42679 3124944
42948 2881023
43353 261954
43417 2516148
43730 3135952
43850 3163367
44031 888772
44331 3149817
44522 3142456
44646 3034199
44915 670344
44941 2683036
44989 125105
44998 247558
45040 74601
45053 742204
45055 149120
45605 2549
46254 3149115
46617 1587
46621 206952
47018 3125487
47465 164790
47514 3007213
47706 5094
47867 122991
48553 125855
48591 647399
48694 2685288
48922 252142
49090 73637
49142 749305
49149 149771
49241 460419
49691 266406
49756 230948
49929 312848
50115 348307
50335 2873781
50371 374804
50841 241227
51094 642
51350 2539
51546 718800
51561 416710
51836 2917111
52229 518429
52300 398302
52374 75095
52416 548392
53043 561445
53764 2898405
53945 3144891
54678 153199
54872 91978
55397 187847
55415 196837
55657 111316
55781 822679
55807 2908869
55957 260732
55961 2533484
56063 87330
56563 595141
56665 138719
56982 356
57003 3099719
57658 1173
57683 120233
57726 171737
57746 166
57946 449
58218 2712056
58617 139095
58620 125773
58790 755029
58876 706978
58879 82099
58970 10693
58987 2960750
59115 132599
59753 543338
59787 186639
60084 3106549
60806 507
61634 320828
61735 2837609
61862 252783
62038 737299
62111 2931679
62256 570383
62593 2911171
63097 846198
63292 608635
63583 103748
63706 2701674
64521 119532
64549 76737
64617 256730
64661 736386
64679 2940973
64800 2884606
64926 857574
65321 2940623
65383 875946
65497 890372
65526 152476
