357 453086
1195 901587
1429 437895
2017 135877
2159 241322
2416 228546
3109 296763
3852 342552
4645 1375
4735 2855905
4783 902725
4879 366788
5029 178451
5719 431888
6113 160729
6437 159077
6505 288971
6758 236895
7062 3706
7077 9432
7127 225037
7201 268318
7637 133199
7770 958
7832 244096
8069 110070
8256 133297
8258 248913
8260 177661
8262 278302
8266 1017022
8268 151422
8270 277125
8637 237821
8738 48941
8741 165753
8794 166034
9081 84
9445 4563
9579 706857
9638 1213937
9665 217879
10228 2826665
10737 2920889
11007 904916
11161 3016873
11655 208144
12310 463042
12439 234373
12528 363397
12592 390358
12709 8422
12890 76313
13057 543311
13206 7021
13989 280011
13990 2421278
14245 333
14486 337
14654 134478
14697 267618
14938 174152
15201 4638
15408 336120
15564 554624
15951 131345
16130 121542
18448 544373
18449 591445
18450 1166290
18451 617591
18793 162016
18941 2828363
19135 902824
19174 3149475
19516 360229
20047 138661
20058 2850
20118 174117
20371 139307
21395 144711
22104 166612
22121 268617
22205 686204
22321 412905
22375 2793619
22640 271110
22876 425543
22881 265007
22949 269267
23147 3130283
23287 688520
23748 388400
23967 2883240
24453 154926
24521 678458
24982 190116
25026 271125
25053 208411
25304 180424
25750 184406
25971 419954
25991 256857
26022 542954
26217 2677420
26261 2813642
26263 88787
26302 2682342
26303 249083
26519 819172
26620 2927715
26973 2823282
27033 266234
27053 3125315
27222 264897
27238 2523508
27514 3129915
27612 677080
27619 2672815
27633 246940
28250 30149
28310 4436
28350 124549
28509 228876
28806 262029
29157 135
29459 384285
29477 75092
29644 564481
30053 148673
30335 2869108
30550 133581
30798 63
30820 172
31081 362372
31103 789731
31126 2112
31322 1055
31330 181978
31405 3103589
31817 2833105
32549 672818
32584 2826252
32714 2908092
33066 920227
34025 7322
34126 120618
34296 167925
34377 805
34394 194750
34549 237169
34568 267838
34677 211635
34952 16877
34953 39724
34966 165080
35038 627
35177 634288
35681 169539
35990 657
36265 2683260
36389 100
37349 496
37466 160256
37782 2967
37860 135330
38126 72392
38298 264619
38319 700980
38348 418137
38361 2814814
38428 272655
38554 3151831
38663 197560
38759 90513
38898 707398
39094 176056
39273 162731
39322 2680702
39333 2710849
39343 2940830
39511 2813605
39646 3128381
39672 2674744
39676 248534
40543 812319
40549 861
40722 2886786
40914 2837572
40946 2919665
42342 266953
42358 2833082
42406 659700
42457 78948
42541 167607
42598 2758741
42679 3124943
42948 2881024
43353 261953
43417 2516147
43730 3135951
43850 3163366
44031 888772
44331 3149817
44522 3142457
44646 3034200
44915 670345
44941 2683035
44989 125105
44998 247558
45040 74601
45053 742204
45055 149120
45605 2549
46254 3149115
46617 1587
46621 206951
47018 3125488
47465 164790
47514 3007213
47706 5094
47867 122991
48553 125854
48591 647399
48694 2685288
48922 252142
49090 73637
49142 749306
49149 149771
49241 460419
49691 266406
49756 230949
49929 312847
50115 348308
50335 2873780
50371 374804
50841 241228
51094 642
51350 2539
51546 718800
51561 416711
51836 2917110
52229 518428
52300 398302
52374 75095
52416 548392
53043 561445
53764 2898404
53945 3144891
54678 153199
54872 91978
55397 187847
55415 196838
55657 111316
55781 822679
55807 2908869
55957 260732
55961 2533483
56063 87330
56563 595141
56665 138719
56982 356
57003 3099719
57658 1173
57683 120233
57726 171737
57746 166
57946 449
58218 2712055
58617 139096
58620 125773
58790 755030
58876 706977
58879 82099
58970 10693
58987 2960750
59115 132599
59753 543339
59787 186639
60084 3106549
60806 507
61634 320827
61735 2837610
61862 252783
62038 737299
62111 2931679
62256 570383
62593 2911172
63097 846198
63292 608634
63583 103748
63706 2701675
64521 119532
64549 76737
64617 256730
64661 736385
64679 2940973
64800 2884607
64926 857573
65321 2940623
65383 875946
65497 890372
65526 152476
